
R version 3.4.1 (2017-06-30) -- "Single Candle"
Copyright (C) 2017 The R Foundation for Statistical Computing
Platform: x86_64-w64-mingw32/x64 (64-bit)

R is free software and comes with ABSOLUTELY NO WARRANTY.
You are welcome to redistribute it under certain conditions.
Type 'license()' or 'licence()' for distribution details.

R is a collaborative project with many contributors.
Type 'contributors()' for more information and
'citation()' on how to cite R or R packages in publications.

Type 'demo()' for some demos, 'help()' for on-line help, or
'help.start()' for an HTML browser interface to help.
Type 'q()' to quit R.

> 2:30
 [1]  2  3  4  5  6  7  8  9 10 11 12 13 14 15 16 17 18 19 20 21 22 23 24 25 26 27 28 29 30
> 30:2
 [1] 30 29 28 27 26 25 24 23 22 21 20 19 18 17 16 15 14 13 12 11 10  9  8  7  6  5  4  3  2
> c(1:30,29:1)
 [1]  1  2  3  4  5  6  7  8  9 10 11 12 13 14 15 16 17 18 19 20 21 22 23 24 25 26 27 28 29 30 29
[32] 28 27 26 25 24 23 22 21 20 19 18 17 16 15 14 13 12 11 10  9  8  7  6  5  4  3  2  1
> dev <- c(4,6,3)
> my_ser<- c(5,6,7)
> rep(my_ser,10)
 [1] 5 6 7 5 6 7 5 6 7 5 6 7 5 6 7 5 6 7 5 6 7 5 6 7 5 6 7 5 6 7
> rep(my_ser,l=31)
 [1] 5 6 7 5 6 7 5 6 7 5 6 7 5 6 7 5 6 7 5 6 7 5 6 7 5 6 7 5 6 7 5
> rep(dev,times=c(10,20,30))
 [1] 4 4 4 4 4 4 4 4 4 4 6 6 6 6 6 6 6 6 6 6 6 6 6 6 6 6 6 6 6 6 3 3 3 3 3 3 3 3 3 3 3 3 3 3 3 3 3
[48] 3 3 3 3 3 3 3 3 3 3 3 3 3
> value1 <- seq(3,6,by=0.1)
> exp(value1)*sin(value1)
 [1]    2.8344711    0.9230055   -1.4320654   -4.2769020   -7.6570591  -11.6163451  -16.1954669
 [8]  -21.4304437  -27.3507725  -33.9773327  -41.3200162  -49.3750762  -58.1221905  -67.5212405
[15]  -77.5088155  -87.9944570  -98.8566695 -109.9387348 -121.0443775 -131.9333449 -142.3169809
[22] -151.8538900 -160.1458060 -166.7338044 -171.0950158 -172.6400256 -170.7111690 -164.5819569
[29] -153.4578954 -136.4789910 -112.7242573
> set.seed(100)
> x<- sample(0:999,250, replace = T)
> y<- sample(0:999,250, replace = T)
> y[y>500]
  [1] 956 843 847 617 791 905 794 754 911 911 955 671 744 675 731 675 562 679 745 950 637 649 662
 [24] 759 553 539 849 653 950 617 976 655 598 947 878 617 604 785 555 768 510 523 992 996 786 515
 [47] 502 911 538 580 801 638 736 579 613 958 751 639 897 984 722 549 682 732 962 760 581 703 829
 [70] 527 573 970 650 942 564 511 718 511 803 520 696 847 845 639 928 963 707 630 773 892 511 749
 [93] 926 994 890 972 810 953 852 646 510 797 565 659 518 737 779 612 910 634 670 906 730 919 854
[116] 801 995 753 603 593 582 995 950 633 996 579 994
> (1:length(y))[y>700] 
 [1]   2   5   6  10  12  14  15  16  19  20  22  26  37  38  48  51  53  56  60  62  68  70  74
[24]  76  77  80  89  91  98 100 107 109 113 119 120 121 130 135 139 143 149 155 158 159 164 166
[47] 168 170 171 173 174 178 181 186 187 188 190 196 203 204 207 212 213 214 216 225 226 227 233
[70] 238 241 249
> x[y>400]
  [1] 257 468 483 546 170 882 398 762 669 359 690 535 710 538 420 171 770 549 695 889 180 629 865
 [24] 827 780 884 207 307 330 198 235 274 591 253 123 229 597 211 647 960 676 445 357 455 445 245
 [47] 694 412 327 572 966 661 624 856 774 834  91 982 733 300 733 906 209 358 906 517 125  30 771
 [70]  41 971  11  80 965  37 200 840 396 392 472 101 237 579  16  42 463 629 143 122 728  19 505
 [93] 169 606 815 843 788  19 568 161 162 709 761 857 437 417 585 824 326 653 288 348 123 108 838
[116] 202 963 660 298 119 120 956 913 823 877 800 611 344 751 218 292 631 269 658  76  71 370 297
[139] 369 845 299 701 946 219 712  61
> sum( y>max(y)-200 )
[1] 48
> sum(x%%2==0)
[1] 119
> x[order(y)]
  [1]  26  41 348 327 535 238 458 399 381 892 992 491 620 357 793 279 836 319 748 717 370 330 995
 [24] 950 815  89 674 989 361 185 389 389 881 599 684 280 497 957  28 248 928 606 701 551  43 788
 [47]  37 806 744 448 277 459 860 369 551 772  72 926 951 568 480 199 916 307 603 437 812 204 130
 [70] 777 706  87 673 660 624 488 600 421 599 570 583 716 138  36 457 463 923 279  56 664 577 954
 [93] 908 355 352 726 439 552 957 698 472 297 919 738 412 237 661 169 209 538 960 369 445 472 906
[116]  30 770 123 202 591 299 676 326 834 327 660 728 505 417 774 956 815 572  16 982 307 965 207
[139] 245 695 122 119  42 358 712 733 392 297 370 597  71 455 877 517 546 274 357 761 946 611 865
[162] 733  41 568 963 827 629 198 229 120 780 344 535 420 549 889  37 843 101 709  19  80 218 171
[185] 200 906 913 710 180 585 771  76 762 884 396 694 857 823 445 856 170 398 298 300 269 606 123
[208] 579 468  19 483 788 330 838 631 647 288 437 971 882 751 800 669 359  91 292 824 161 143 211
[231] 629 235 701 108 690 257 125 840 162 463 348 253  11 966 653  61 658 845 624 219
> xLen <- length(x)
> x[-c(xLen-1,xLen)] + 2*x[-c(1,xLen)] - x[-c(1,2)]
  [1]  269 1305  196  509  622 1737 1006 1292  262  536 2108 1044  314 1253 1896  720  559  385
 [19] 1204 1050 1417 1038 1614 1417   -8  830 1983 1702  615  325 1996  670 1561 1455 2293  620
 [37]  449 2477  919  -75 1283 1592 1828 1542  805 1167 2341  991  491  769  491  394  192 1203
 [55]  974  270  -16 1212  556  490  797 1891 1867 1209  704  822 1100  241 1221 1191  494  505
 [73] 1843 1664 1053 1562 1570 2351  557  410  738 1455 2846  479  458 1795  929  115  860 2336
 [91]  966  477  348 1871 1167 1298  737 -586 1245 1036 1064  110  193  817  967 1925 2362  188
[109]  245 1401 2368  728 -409 2131  123 1143 2168  286 1484 1240  708  753 1286 1259 -587 1061
[127] 2358 1958  516 -285 1219 1839 1153 1639  139  918   93  339 1048 1888  704 -535 1837  424
[145]  628 2585 1017 -118  -88  283 2219 1033 -130  566 1393 1713 2400  128  600 1760 1471 1367
[163]  713  177  387 -495  683 1374 2038 1314  686  763 1440 2084  488 1587 1805  963 1382  465
[181]  799 1889 2086  696  758  486   42 -136  981 2385 1664 -122 1468 1985 1137  -63 1197   51
[199] 1327  570 1368 1959 2240  584 1273 1866 1950  334  570  358 1628  895  447  371  725 1671
[217] 1923 1622  -39  733  846  688 2233  831 1509  739 -152  514  413 1030  444 1439 1686 1119
[235]  616  360  837 1821 2271  494  987 1338 1797  552 1043 1991  681 -116
> x <- matrix(1:500,nrow=100)
> x[1:5,1:4]
     [,1] [,2] [,3] [,4]
[1,]    1  101  201  301
[2,]    2  102  202  302
[3,]    3  103  203  303
[4,]    4  104  204  304
[5,]    5  105  205  305
> paste("Label", 1:30)
 [1] "Label 1"  "Label 2"  "Label 3"  "Label 4"  "Label 5"  "Label 6"  "Label 7"  "Label 8" 
 [9] "Label 9"  "Label 10" "Label 11" "Label 12" "Label 13" "Label 14" "Label 15" "Label 16"
[17] "Label 17" "Label 18" "Label 19" "Label 20" "Label 21" "Label 22" "Label 23" "Label 24"
[25] "Label 25" "Label 26" "Label 27" "Label 28" "Label 29" "Label 30"
> paste("Fn", 1:30,sep="")
 [1] "Fn1"  "Fn2"  "Fn3"  "Fn4"  "Fn5"  "Fn6"  "Fn7"  "Fn8"  "Fn9"  "Fn10" "Fn11" "Fn12" "Fn13"
[14] "Fn14" "Fn15" "Fn16" "Fn17" "Fn18" "Fn19" "Fn20" "Fn21" "Fn22" "Fn23" "Fn24" "Fn25" "Fn26"
[27] "Fn27" "Fn28" "Fn29" "Fn30"
